4321
2706
7153
6447
2810
9833
10551
222643
5099
2191
64151
6662
6790
2146
2274
3866
79801
1803
23601
4171
6423
890
10606
3853
5050
51053
7083
3217
638
4085
6659
79152
990
113130
3959
55568
3171
50512
608
2705
362
4582
871
2017
8038
6535
1111
79184
53335
92421
8495
6472
6664
11339
7941
124220
10765
2049
908
4486
4745
2590
3206
81620
4485
10926
3315
83990
5480
10130
973
3065
3706
376267
56937
2617
7022
3775
10804
11313
3159
3939
2058
54830
7965
6185
50507
1789
8416
79695
26003
79690
8805
11200
54209
9019
2882
5523
10076
54474
8165
10733
55388
1871
5454
8668
3887
930
7421
11123
57510
6531
57763
55540
54843
27095
8914
5047
3150
9670
3559
9569
27352
5877
5987
23193
2539
5479
1786
1380
81930
1031
2886
4061
5710
4172
7857
10922
8379
4832
3376
2873
23421
11315
6611
4331
127933
22824
56479
5531
2968
93974
51678
1952
10280
54962
5557
27044
57646
7429
124790
4488
55722
6745
55964
3308
5083
3182
27165
4350
1852
1749
165
672
9026
6597
10553
3615
90410
10131
5931
117145
4841
5700
4174
1743
60496
8726
55258
995
1022
9326
51545
8607
1606
27132
440193
3212
51651
860
83715
3198
22948
4647
51499
4176
8662
7464
545
84816
3229
10811
51451
64949
79090
7137
5025
79837
1477
54900
54855
26762
5296
5079
26233
9521
57649
8326
7157
9937
5092
57326
27240
55749
3313
8841
7011
6464
4175
6782
8464
1876
23381
7755
5774
7727
5589
6873
7443
23468
10042
1869
51102
55806
51043
708
116113
375790
8473
4100
11018
5917
5704
55607
5706
3014
54929
84168
3609
7001
3925
92359
51388
4188
10467
10009
10534
55644
8891
128866
1108
7390
9231
23633
138429
26135
9587
1267
6598
8521
10813
10939
5682
5705
865
3218
2068
6897
2104
9577
3786
58533
6839
26574
93185
1677
5527
27148
6640
56243
7064
5223
790
81559
333
84775
56893
6184
55160
1453
11074
207
84759
6924
80028
5422
25796
6455
23314
3213
1949
51534
11073
7597
51429
54820
84433
64769
55837
5499
23204
6549
4862
51094
8883
25998
8626
2101
54442
7161
6337
65979
2072
333926
1795
27071
54361
387082
553
27336
3233
3151
25833
8087
6929
64324
161882
8576
5928
10657
90441
3455
816
5245
256281
83444
4878
10574
5979
10856
117584
9887
9466
7072
7629
10616
9139
92595
229
23256
312
2960
1855
124056
83942
10587
5528
7329
10436
51706
84315
9355
6917
56159
1616
3054
26254
54106
84875
7249
1045
10013
1487
8517
5719
1041
5511
9726
3172
4515
79173
26133
4654
7297
23552
2957
6048
94032
6872
84337
84206
9189
54476
55290
246778
1874
64978
6047
57731
90060
22955
85302
10906
51807
50855
4776
1912
4835
5618
6714
5478
56848
7015
80153
6339
245812
8555
2547
5911
5757
133396
6299
6553
54998
55072
10664
9133
27033
8913
640
55957
5453
4701
2915
60528
63967
7415
5798
9265
7849
1053
79734
283455
6496
150572
6693
1211
64753
5669
2912
79803
8802
2904
4153
119
7114
1387
9771
255877
23293
9495
7067
51564
9513
8328
259197
6422
7139
115727
84867
22927
10750
10758
1837
10014
7189
11122
6777
4303
752
23066
23233
9402
7462
10241
529
6908
114
8518
1965
5587
90594
5600
5204
4916
3189
8556
2241
51720
151987
23125
23558
5898
10291
4897
9063
3204
25876
8864
64112
1025
958
5581
114132
55646
7110
9611
80314
329
975
27019
2181
23099
8724
5715
23129
5777
5894
7707
10397
11215
57192
2965
554
7476
56940
8682
3146
9047
57621
9318
7170
25942
902
1373
552
5048
7528
2204
2004
22891
1947
10458
2051
639
6256
146691
3813
10318
5082
7088
5520
5144
862
10075
26037
3903
10666
2958
8741
5930
114897
3275
116985
84527
1997
7136
83593
7323
7376
57506
558
6667
9188
54675
23429
7706
28951
51086
2959
5926
6497
287
5998
10210
7074
64359
4790
924
7535
7507
9516
8767
79930
22866
91746
109
5599
25793
1849
5594
8900
6778
4615
10235
126272
55274
9267
22808
57142
1911
1845
4478
9525
966
80332
3804
5134
9935
404672
1718
80204
10933
54861
7089
9595
3480
51322
51621
23493
6868
10614
55629
59269
22822
26060
6776
54764
166
945
929
4354
10060
80318
54556
8935
1398
29982
2872
7159
11193
57132
8036
8452
161003
1408
7572
54407
8503
203
6095
22941
4601
7805
221692
80762
23411
3566
5329
5305
202559
7294
66008
8614
57718
7041
5239
3394
11168
1540
695
27086
9411
221037
7042
23024
5290
10174
7098
9104
7051
9659
29767
6688
3090
599
25924
9586
51763
5900
1407
27151
5336
6398
2107
4487
10116
3560
5515
10988
7026
55081
27122
925
2624
8660
23228
9841
11186
4752
4774
7096
7091
22899
164312
5311
10326
10000
133522
50856
6196
152503
7846
84919
3937
4801
7472
1466
3164
57658
864
7175
5295
1655
10395
2549
5906
8493
694
100132285
1051
5937
7068
1948
10891
55824
81848
8648
2114
2494
5087
3601
1831
57576
1844
3759
84106
4128
7402
8837
8825
2355
653361
8462
604
9721
10019
7991
160622
3725
23499
7220
5799
2131
2022
1604
8554
11213
4502
85480
4734
11099
84100
122953
2308
5583
4170
5140
4133
6304
6362
6338
8638
6340
9846
7305
10370
3600
29992
8425
10284
146722
54345
8850
6925
2702
493861
116154
51421
7071
3702
2621
51162
919
10272
4084
683
7025
3815
5788
3489
1264
4883
5577
7048
5325
220164
7111
6867
5552
85358
6402
7075
23414
2206
54210
355
57519
2697
8692
7099
4360
2295
126014
6387
3726
81493
1490
4628
2869
3553
2534
2995
5420
5468
9467
130497
8395
10288
152137
51311
23462
6237
51762
55450
2113
863
1843
54922
408
3383
7128
23327
3823
1326
4609
3764
2078
3824
3575
7010
23237
284119
8972
1052
3202
3397
7538
8013
10742
3400
4973
3977
10810
94
5348
9068
9173
284
57520
27253
2202
2690
5743
5787
154
2791
1602
90865
6943
7049
8676
7704
1003
9590
9365
8835
858
857
2273
2354
7134