4321
3853
4312
22974
83540
54443
1033
891
6273
6696
2305
3852
3832
3161
4922
6790
3861
10635
983
84634
7058
4171
1382
4318
10615
890
4751
4192
7291
11339
990
55143
29028
9156
332
29127
1728
2191
1163
3868
1001
8140
1111
4319
4322
54892
4173
1164
4314
23657
1825
79801
5427
53335
4605
2237
7345
6695
6278
4176
9134
54541
55502
3198
81620
3217
10926
5266
100133941
86
8438
6472
1945
9118
2597
9212
1047
5557
1789
55388
2707
1373
83990
7070
7283
1894
664
3226
2189
6624
768
81930
4436
973
429
54962
11200
4100
2786
1058
8607
55722
672
3728
6566
6119
7292
2058
1019
22889
5127
4172
10105
8914
1434
5888
2091
7804
8208
3005
9368
4316
55669
3856
8507
1104
26355
705
10733
5425
2161
92815
871
1759
5645
7965
4323
2049
930
8745
5270
5794
50507
84515
7443
547
4175
6662
9615
1719
993
3939
5214
1000
9015
28977
7184
899
3796
10849
10036
51248
23624
50512
5704
58477
27101
55299
55620
6502
83596
64754
3706
10397
3145
29967
3559
1468
10736
3654
4902
8601
92609
117178
3065
4221
1786
9536
2673
6683
8544
57216
10498
1846
6772
8851
7164
3015
2342
54900
6712
4331
2886
54888
6599
9326
8644
27286
2873
10897
6897
9521
10959
2175
2017
6617
5355
56924
2956
5885
8562
54938
952
2245
5439
7429
11235
10863
5531
2806
1852
3329
2648
10890
2178
7517
11075
1875
60491
836
5889
3858
9585
8662
8161
9221
9093
115106
10856
10562
1365
5228
3229
6185
7422
328
2882
5710
321
6242
7534
114088
9076
8600
65993
6199
2731
8148
5457
9616
1606
1687
3236
55922
6760
1293
23321
100
376267
80347
10016
65989
3066
5079
5756
5440
3148
5481
1869
6464
54756
2290
10518
57534
81839
1788
5999
4760
1031
11198
10598
6895
8626
22843
9019
9643
222643
60561
5902
22809
875
3609
84246
8877
1739
4703
1741
27342
84206
3276
2961
1173
999
9112
79033
10477
79718
22883
124790
971
10278
51022
5877
23613
53635
995
26574
8195
84775
10534
7001
7444
8450
54910
11331
11040
5062
9141
10067
8295
8726
5747
9139
5753
5929
9887
5716
64223
90427
9425
8892
56479
11266
9170
3326
5646
10877
54704
7216
94032
3174
60436
26750
1345
81786
4188
5099
6508
56288
2079
682
27102
5713
7295
2444
400
5499
10277
6839
8443
5700
9519
5707
26973
550
10900
27044
2045
54101
3775
5570
10467
5296
23788
3685
3308
8218
23301
1856
10728
55816
3265
4862
7417
5979
1477
9641
3696
96764
55290
1950
578
22984
1747
9804
10539
89885
904
6741
83481
3673
8625
10848
51700
10342
23381
1460
6520
688
823
57486
55240
8805
7090
10987
54929
6455
10128
118738
1820
5931
10553
56993
51388
9158
54869
3766
9189
5469
7328
4488
6697
1746
6549
54973
8572
10807
3875
9074
8394
26135
1021
9587
4878
50805
79797
11316
10042
80823
119
136
1108
8139
997
8092
9026
3667
839
5063
60496
5423
6175
79837
273
8533
84231
11332
292
2950
57820
957
29899
7166
11096
4986
10953
3320
1024
545
8115
125950
10084
1956
6733
55258
23641
7157
8819
6354
1022
1314
23367
192111
996
7416
3619
51305
51102
64426
23593
23541
9656
6223
8326
54998
22818
11338
3358
8537
246778
24148
84168
29107
50859
10505
92344
629
4293
58533
6710
3952
4849
5528
29085
197
50615
3897
7465
6731
4978
65268
51534
51205
26958
79660
3150
51135
8898
1158
57109
955
84433
7477
27240
2906
7818
1380
342667
3207
3767
55750
2931
5454
7991
2967
1676
6597
9568
8153
1122
5016
6730
2068
6198
121441
816
4355
10572
2650
10134
8871
581
65095
10971
5917
1493
5901
4854
2521
8792
55806
1267
2138
1017
5933
112939
2784
5757
5954
9702
9904
10226
1013
9133
9219
2671
55186
2010
57786
57019
53944
8808
55182
2700
7755
988
170506
5211
4798
2339
6883
133746
1501
2011
6405
7015
9276
79139
54552
1496
9892
10484
2063
5597
29843
23097
23236
171017
23428
8751
6000
3735
11221
1399
242
10009
1404
4735
3480
2778
865
55072
51046
51429
176
4677
860
55957
1892
3604
284403
4683
81793
165918
6833
4694
2665
57126
7319
23019
3814
7050
2975
8563
23463
6334
10603
8539
128178
2251
7161
28985
9984
22823
8655
640
8890
8541
51340
65220
87
51447
1432
2596
3208
11273
56301
6993
6300
51079
6780
2664
1288
9282
7511
4880
3213
1795
1431
5089
3857
3984
56647
23149
4077
2678
7355
5074
9644
23759
123016
2668
3214
7597
5605
7334
6927
5453
7059
8128
974
2984
1603
10048
6866
525
22839
7188
55846
84922
3643
11329
8878
51701
9175
5478
3233
4843
4904
10686
2071
7486
133396
286
7343
8202
84552
8409
6329
598
10238
10907
27352
3351
2300
64714
2248
23197
10298
2775
489
10817
27131
7284
29883
80279
6222
29855
26747
60412
55124
51147
4654
8669
58512
892
116443
8664
10463
10244
9260
8841
488
83933
7054
51295
1874
1616
4325
7296
2703
23770
54106
8174
9686
8463
56681
5912
286826
388585
9031
10920
10432
5927
1149
5148
1002
2253
10636
9622
28992
2902
8505
9698
57159
11021
64130
2915
10406
10152
9024
283455
2623
57410
10013
7088
10935
1445
3843
10801
7471
80145
6009
9911
84893
6128
2638
63970
2914
1045
5893
22985
9479
63827
6449
3681
4294
3581
64434
7257
11124
10913
55284
3362
2046
1740
6843
57634
134
90410
9371
6773
3761
5504
5763
23030
148281
57799
80331
2208
23054
5013
8468
5451
30818
5456
8471
150572
26287
8636
8822
145957
8856
392
29947
5521
5786
95
596
9878
7709
56252
2168
2529
51555
372
2740
23353
8976
23620
6129
8428
6217
6048
6543
27330
5609
3718
10847
1793
5862
534
4152
26230
9436
4326
6872
10146
238
1990
2734
23520
84260
56676
2912
6693
56159
4684
2515
7293
9939
9623
2566
9149
10188
3211
7317
3352
8521
2875
8928
27033
6305
63925
4184
9726
4137
53616
5834
2560
51741
2056
4209
116986
53834
2649
27165
9497
2980
3737
6238
5015
11176
3360
8831
498
2249
4763
9855
3350
3596
4771
2475
4923
1420
7352
54476
7253
83983
23264
2972
3172
64100
7553
5915
11178
64324
229
354
6714
5731
8986
4691
5465
9612
7849
221527
5596
487
2895
2176
23476
30835
10376
9271
5578
64753
155
63973
7275
6548
2897
51194
10002
23617
815
6569
2779
5870
208
6208
846
9437
6239
9542
51168
23072
2250
2099
5049
79734
491
5458
414301
4313
6257
2103
1613
3565
7148
2905
2035
6146
5132
2911
10730
27329
8243
1588
6553
3690
6687
1446
2864
90060
3346
2904
79370
55211
23365
8658
84867
8997
5795
9861
11016
5663
842
6546
7316
23552
10818
6547
1387
51341
959
7006
23405
9495
4214
5911
9632
26469
23293
85365
2057
91746
8880
342574
4035
23549
7707
246184
79364
7155
9774
57506
8556
9667
55256
8518
5925
2874
785
8736
55174
79885
8454
84446
9784
5981
946
54881
7874
8665
5729
7273
8907
3839
114034
7265
3216
7799
6915
818
5595
2260
8661
55929
310
115509
64215
9655
64328
27
2322
29123
11140
7593
817
9441
4916
5930
54882
4627
9354
80204
6789
150094
8411
8723
9491
9255
9238
3680
135112
255877
4303
150372
1489
1845
11168
5184
2934
51160
5601
7881
57563
5330
673
7067
7087
10533
51246
665
4296
3707
81631
4255
2580
91752
3799
8828
10000
9863
4756
404672
8434
3635
4058
9013
29982
25898
3267
23013
9604
585
5204
10020
53347
5359
9294
26260
9765
6461
5009
51196
8560
5008
25759
9919
85456
26060
3818
23077
10718
4651
55147
2788
26190
10174
10771
143689
10010
9841
9367
5914
8829
8536
3275
7110
10060
2675
202559
4690
9924
387755
140628
9913
10666
4135
2804
4300
29946
2033
51744
2752
23637
80108
23392
120
7079
537
2355
207
9324
9771
694
493861
922
1796
6605
7439
130872
79088
5909
2533
8935
10014
23787
1849
22893
928
5108
9854
6310
4659
9397
10656
7803
3716
10193
2185
57621
5782
22800
2867
80824
9278
715
88
10912
204851
667
4548
8804
55973
9531
8992
9466
2122
23586
3475
669
9064
7294
9051
10479
7314
529
9475
2787
989
5906
4267
83394
7074
9989
22927
2321
6604
5921
4145
6886
6096
9666
54557
2674
9611
2550
490
2876
5336
10475
10332
10614
7323
1128
5305
64376
51076
5973
26985
55325
953
840
114132
7189
7535
5286
7695
287
2935
56940
3385
2241
6450
7786
57584
10393
3561
91662
4599
26086
6567
6416
4784
25780
2004
5923
6397
147179
64061
5159
6258
3738
117581
64375
246330
7507
6774
5294
5775
57498
1997
8431
6928
23533
54796
91544
5875
23523
2625
7375
8321
23125
6256
4520
7011
5908
7414
944
6095
645
3759
117157
10600
8503
51710
221037
59338
116071
7456
2872
5602
60485
553115
7114
55715
7404
9759
2181
29780
5789
4641
4801
1495
54556
5239
902
2494
23048
5329
5990
831
9456
962
3454
27040
8817
5621
4060
5863
2254
291
90594
5739
28986
10392
8975
4217
26191
2746
4660
3931
7091
5525
1263
3916
7376
7903
23741
112
81888
6277
6850
148022
3301
5514
9647
65056
10427
322
1009
5934
914
961
5869
10579
3002
6595
2767
1847
8462
8412
63971
54737
2212
10326
2324
23387
7430
51304
55114
5699
55625
84525
118
2308
432
55607
4882
6709
2059
3603
6737
8650
5894
6357
9043
83593
4215
5530
10413
9101
5208
85480
51191
3676
3687
260425
5764
54764
11186
2066
55629
11076
8737
8764
1471
2889
2561
4478
8864
55752
9445
26354
573
220164
50618
3958
4170
3611
5579
3560
1398
10235
23235
8493
133522
1436
6468
152189
963
685
5998
1123
140885
1540
6003
2669
3675
1285
57630
5087
12
4205
64112
22808
6588
79930
1390
2793
9322
558
214
4067
2316
79720
79658
9114
6778
113
2069
8648
84527
9404
1902
4671
1536
10628
118429
23228
9706
5737
5372
6304
116154
5587
54902
1153
8490
10891
5140
23368
23024
7402
51466
1794
8671
161742
160622
5037
2549
30008
7100
6674
6280
7846
5295
8322
4792
5926
10490
6876
2983
7026
6497
3601
2697
344558
56654
84919
1880
4046
942
604
9172
6643
56998
660
84441
5966
55664
3600
3717
23303
5583
2624
7041
5272
57162
54345
51284
2113
3678
10763
659
3937
5880
10398
1028
23601
6934
84959
6004
397
4122
5580
117247
255488
4502
719
896
6515
7508
6776
5900
50484
10125
6711
6503
4045
196
4069
26052
1827
10865
10015
2908
9411
2171
1030
2702
29935
1154
66008
3976
919
7082
3606
7096
8100
2242
9693
3903
9021
11213
4790
1050
1407
3459
53358
7089
3164
9020
122953
50856
965
837
4774
64098
5777
7472
2
5178
7068
2534
7077
1674
4615
5287
22908
687
10391
63876
653361
350
3689
311
10938
8638
54209
3566
29950
2745
5569
5241
9332
4208
54922
409
5858
57530
4162
2977
25925
1948
1026
2719
153
663
29992
6614
3726
283
5920
30815
1408
9748
4739
9844
7424
1465
4883
5783
2776
11067
945
8875
3815
10284
3563
9846
6279
3574
3162
7099
3764
4327
11142
8972
1080
30846
23179
259230
7097
1410
1843
57619
54507
5732
6103
4689
2627
6098
7075
2206
6385
1848
2247
55824
1959
10253
57556
5325
6237
7851
8287
1316
2995
1441
9737
5199
9467
6867
2114
695
1718
710
7078
10346
5588
9056
2621
2205
51311
2207
5590
718
10019
8807
1510
1439
284119
10044
55679
3553
7098
3491
81848
7010
563
9770
3101
7940
10497
7035
3055
9459
221692
3684
3384
6586
5350
6252
4128
825
7305
54210
4628
57520
9104
3977
1368
3575
1326
4311
4616
54
79589
84106
55081
7025
1440
55450
164312
23414
10231
57088
4036
23345
23336
9068
5175
146722
9590
3772
79633
9173
27289
7122
8404
3383
115572
81493
4688
5730
760
2202
6403
9365
10395
8835
22918
858
6275
6505
4900
284
2690
7704
5468
1901
53405
9314
5787
185
10742
6283
11326
6590
344148
4306
58494
27306
948
4360
358
9022
23767
59277
6401
3569
154
4973
8436
361
2354
1910
762
722
2823